        0.00000000037529152747        0.00000000001921384063        0.00000000000071812459        0.00000000000037854357        0.00000000000028647809        0.00000000000024717625        0.00000000000023189674        0.00000000000022853647        0.00000000000022766371        0.00000000000022875279        0.00000000000024022542        0.00000000000026957515        0.00000000000032468707        0.00000000000042454292        0.00000000000076512058        0.00000000001940678331
        0.00000000001921384063        0.00000000037522116139        0.00000000001896345460        0.00000000000070684309        0.00000000000036352954        0.00000000000027896291        0.00000000000025123435        0.00000000000024339597        0.00000000000024030332        0.00000000000023972026        0.00000000000024965305        0.00000000000027683523        0.00000000000032546773        0.00000000000038954694        0.00000000000046407920        0.00000000000076462290
        0.00000000000071812459        0.00000000001896345460        0.00000000037566664850        0.00000000001923964320        0.00000000000071868579        0.00000000000035037160        0.00000000000026526544        0.00000000000024091317        0.00000000000023210838        0.00000000000022905778        0.00000000000023691105        0.00000000000026108048        0.00000000000030459236        0.00000000000035781548        0.00000000000038937234        0.00000000000042439619
        0.00000000000037854357        0.00000000000070684309        0.00000000001923964320        0.00000000037529153318        0.00000000001944177482        0.00000000000073137932        0.00000000000033632125        0.00000000000024212505        0.00000000000021234363        0.00000000000020212626        0.00000000000020580150        0.00000000000022483743        0.00000000000026071128        0.00000000000030426726        0.00000000000032497823        0.00000000000032433727
        0.00000000000028647809        0.00000000000036352954        0.00000000000071868579        0.00000000001944177482        0.00000000037529359688        0.00000000001935858193        0.00000000000073951172        0.00000000000032409185        0.00000000000022006611        0.00000000000018765762        0.00000000000018273687        0.00000000000019576187        0.00000000000022475855        0.00000000000026071166        0.00000000000027631939        0.00000000000026920097
        0.00000000000024717625        0.00000000000027896291        0.00000000000035037160        0.00000000000073137932        0.00000000001935858193        0.00000000037522111943        0.00000000001916463849        0.00000000000073477966        0.00000000000031058647        0.00000000000020575137        0.00000000000017876202        0.00000000000018261898        0.00000000000020559155        0.00000000000023641118        0.00000000000024901023        0.00000000000023970878
        0.00000000000023189674        0.00000000000025123435        0.00000000000026526544        0.00000000000033632125        0.00000000000073951172        0.00000000001916463849        0.00000000037566658373        0.00000000001936525871        0.00000000000072260026        0.00000000000030361620        0.00000000000020593341        0.00000000000018771319        0.00000000000020211636        0.00000000000022879333        0.00000000000023932300        0.00000000000022844949
        0.00000000000022853647        0.00000000000024339597        0.00000000000024091317        0.00000000000024212505        0.00000000000032409185        0.00000000000073477966        0.00000000001936525871        0.00000000037529356853        0.00000000001948026778        0.00000000000072245236        0.00000000000031077725        0.00000000000022009870        0.00000000000021234691        0.00000000000023187566        0.00000000000023993155        0.00000000000022737509
        0.00000000000022766371        0.00000000000024030332        0.00000000000023210838        0.00000000000021234363        0.00000000000022006611        0.00000000000031058647        0.00000000000072260026        0.00000000001948026778        0.00000000037529153531        0.00000000001936419801        0.00000000000073514362        0.00000000000032406496        0.00000000000024217059        0.00000000000024077109        0.00000000000024313685        0.00000000000022834800
        0.00000000000022875279        0.00000000000023972026        0.00000000000022905778        0.00000000000020212626        0.00000000000018765762        0.00000000000020575137        0.00000000000030361620        0.00000000000072245236        0.00000000001936419801        0.00000000037522112028        0.00000000001916437695        0.00000000000073884602        0.00000000000033618444        0.00000000000026506963        0.00000000000025096352        0.00000000000023170974
        0.00000000000024022542        0.00000000000024965305        0.00000000000023691105        0.00000000000020580150        0.00000000000018273687        0.00000000000017876202        0.00000000000020593341        0.00000000000031077725        0.00000000000073514362        0.00000000001916437695        0.00000000037566659214        0.00000000001935901866        0.00000000000073154671        0.00000000000035036252        0.00000000000027889945        0.00000000000024717173
        0.00000000000026957515        0.00000000000027683523        0.00000000000026108048        0.00000000000022483743        0.00000000000019576187        0.00000000000018261898        0.00000000000018771319        0.00000000000022009870        0.00000000000032406496        0.00000000000073884602        0.00000000001935901866        0.00000000037529356939        0.00000000001944202685        0.00000000000071841175        0.00000000000036330213        0.00000000000028628458
        0.00000000000032468707        0.00000000000032546773        0.00000000000030459236        0.00000000000026071128        0.00000000000022475855        0.00000000000020559155        0.00000000000020211636        0.00000000000021234691        0.00000000000024217059        0.00000000000033618444        0.00000000000073154671        0.00000000001944202685        0.00000000037529154805        0.00000000001923841214        0.00000000000070689456        0.00000000000037832845
        0.00000000000042454292        0.00000000000038954694        0.00000000000035781548        0.00000000000030426726        0.00000000000026071166        0.00000000000023641118        0.00000000000022879333        0.00000000000023187566        0.00000000000024077109        0.00000000000026506963        0.00000000000035036252        0.00000000000071841175        0.00000000001923841214        0.00000000037522116459        0.00000000001896374031        0.00000000000071796319
        0.00000000000076512058        0.00000000000046407920        0.00000000000038937234        0.00000000000032497823        0.00000000000027631939        0.00000000000024901023        0.00000000000023932300        0.00000000000023993155        0.00000000000024313685        0.00000000000025096352        0.00000000000027889945        0.00000000000036330213        0.00000000000070689456        0.00000000001896374031        0.00000000037566664377        0.00000000001921659090
        0.00000000001940678331        0.00000000000076462290        0.00000000000042439619        0.00000000000032433727        0.00000000000026920097        0.00000000000023970878        0.00000000000022844949        0.00000000000022737509        0.00000000000022834800        0.00000000000023170974        0.00000000000024717173        0.00000000000028628458        0.00000000000037832845        0.00000000000071796319        0.00000000001921659090        0.00000000037529358213
